m_01N 87.405 -61.280 0.362 14.391 -82.264 0.338 14.363 -40.263 0.378
m_01W 87.383 -61.297 0.366 14.362 -82.267 0.341 14.380 -40.302 0.360
m_02N 87.387 -61.292 0.354 14.364 -82.278 0.335 14.356 -40.304 0.346
m_02W 87.401 -61.301 0.358 14.362 -82.256 0.327 14.362 -40.319 0.351
m_03N 87.352 -61.292 0.352 14.357 -82.256 0.330 14.346 -40.291 0.348
m_03W 87.383 -61.293 0.361 14.382 -82.261 0.342 14.366 -40.306 0.346
m_04N 87.399 -61.306 0.366 14.376 -82.282 0.337 14.372 -40.301 0.343
m_04W 87.361 -61.295 0.361 14.361 -82.264 0.315 14.349 -40.291 0.353
m_05N 87.377 -61.293 0.345 14.345 -82.265 0.328 14.361 -40.304 0.334
m_05W 87.357 -61.283 0.358 14.361 -82.245 0.331 14.381 -40.290 0.338
m_06N 87.375 -61.291 0.356 14.365 -82.261 0.328 14.365 -40.297 0.340
m_06W 87.351 -61.287 0.359 14.363 -82.255 0.330 14.364 -40.296 0.349
m_07W 87.383 -61.227 0.390 14.370 -82.272 0.322 14.383 -40.308 0.346
m_08W 87.379 -61.289 0.350 14.372 -82.262 0.323 14.359 -40.286 0.339
m_09W 87.370 -61.298 0.351 14.363 -82.283 0.332 14.352 -40.302 0.338
m_10W 87.384 -61.296 0.350 14.385 -82.273 0.325 14.375 -40.306 0.348
m_11W 87.376 -61.296 0.341 14.368 -82.258 0.331 14.370 -40.302 0.351
m_12W 87.388 -61.308 0.354 14.366 -82.278 0.333 14.353 -40.292 0.348
m_13W 87.378 -61.289 0.347 14.362 -82.265 0.329 14.371 -40.304 0.343
m_14W 87.363 -61.279 0.365 14.368 -82.248 0.328 14.351 -40.292 0.351
m_15W 87.367 -61.304 0.353 14.412 -82.262 0.357 14.370 -40.314 0.350
m_16W 87.377 -61.283 0.350 14.370 -82.280 0.330 14.382 -40.306 0.351
m_17W 87.382 -61.304 0.349 14.364 -82.263 0.326 14.369 -40.311 0.342
m_18W 87.387 -61.302 0.338 14.359 -82.261 0.321 14.364 -40.303 0.342
m_19W 87.387 -61.286 0.351 14.378 -82.280 0.331 14.382 -40.297 0.351
m_20W 87.367 -61.288 0.353 14.350 -82.254 0.322 14.368 -40.300 0.344
m_21W 87.366 -61.292 0.362 14.365 -82.258 0.338 14.342 -40.299 0.348
m_22W 87.384 -61.294 0.348 14.364 -82.268 0.324 14.414 -40.266 0.376
m_23W 87.407 -61.298 0.378 14.373 -82.294 0.355 14.370 -40.304 0.341
m_24W 87.353 -61.303 0.372 14.364 -82.284 0.336 14.362 -40.299 0.357
m_25W 87.371 -61.298 0.357 14.364 -82.262 0.338 14.358 -40.298 0.342
m_26W 87.394 -61.298 0.359 14.349 -82.264 0.352 14.378 -40.316 0.347
m_27W 87.375 -61.279 0.361 14.371 -82.260 0.333 14.353 -40.298 0.344
