CHO_AIP_QL1_V 0.001 -0.001 0.000
CHO_AIP_QL1_L 324.701 -1302.274 0.000
CHO_AIP_QL1_B1_M 650.084 -1083.266 -0.012 554.669 -1083.322 0.001 602.385 -1208.041 -0.001
CHO_AIP_QL1_B2_M 554.766 -431.082 -0.015 650.148 -431.195 -0.006 602.499 -306.499 0.005
CHO_AIP_QL1_L1_F 1051.938 -93.084 0.007 956.566 -94.769 -0.017 1006.421 -218.709 0.000
CHO_AIP_QL1_L1_M 694.906 -99.372 0.004 599.579 -101.015 -0.009 649.372 -224.942 0.005
CHO_AIP_QL1_L1_N 267.233 -106.827 -0.008 171.784 -108.510 0.006 221.606 -232.286 0.009
CHO_AIP_QL2_V 0.004 0.000 0.000
CHO_AIP_QL2_L 289.482 -1161.690 0.000
CHO_AIP_QL2_B3_F 1349.536 -534.001 -0.008 1254.180 -534.079 -0.024 1301.918 -658.742 -0.003
CHO_AIP_QL2_B3_N 549.504 -534.102 -0.013 454.092 -534.106 -0.006 501.811 -658.831 -0.012
CHO_AIP_QL2_L2_F 1424.894 -993.903 -0.009 1329.611 -996.538 -0.011 1380.586 -1119.986 -0.021
CHO_AIP_QL2_L2_M 994.272 -1005.012 -0.009 898.898 -1007.682 -0.002 949.903 -1131.229 -0.010
CHO_AIP_QL2_L2_N 477.907 -1018.690 -0.002 382.582 -1021.173 -0.015 433.471 -1144.638 -0.026
CHO_AIP_QL2_L3_F 1589.571 -352.511 0.002 1494.191 -354.341 -0.015 1544.340 -478.326 0.001
CHO_AIP_QL2_L3_M 994.047 -364.553 0.002 898.753 -366.426 -0.017 948.885 -490.199 -0.022
CHO_AIP_QL2_L3_N 320.136 -378.224 0.006 224.879 -380.039 -0.013 275.000 -503.830 -0.010
CHO_AIP_QL2_L4_F 1667.544 -41.039 0.005 1572.195 -43.288 0.002 1622.823 -166.940 0.001
CHO_AIP_QL2_L4_M 991.958 -56.849 0.010 896.663 -58.828 -0.010 947.169 -182.341 0.002
CHO_AIP_QL2_L4_N 239.879 -73.918 -0.008 144.511 -76.122 -0.022 195.014 -199.783 0.008
CHO_AIP_QL3_V 0.002 0.004 0.000
CHO_AIP_QL3_L 144.856 -1120.874 0.000
CHO_AIP_QL3_B4_F 1506.084 -282.123 0.005 1410.700 -282.075 -0.012 1458.346 -406.792 0.003
CHO_AIP_QL3_B4_N 706.018 -282.126 0.002 610.597 -282.093 0.003 658.295 -406.811 0.002
CHO_AIP_QL3_L5_F 1916.550 -762.132 -0.011 1821.191 -759.776 -0.011 1865.879 -885.651 -0.013
CHO_AIP_QL3_L5_M 1151.669 -743.387 0.000 1056.323 -741.099 -0.001 1100.965 -866.936 -0.003
CHO_AIP_QL3_L5_N 287.444 -722.265 0.008 192.061 -719.920 -0.006 236.705 -845.757 0.006
CHO_AIP_QL3_L6_F 2015.736 -444.758 0.006 1920.334 -445.852 -0.005 1969.555 -570.053 -0.004
CHO_AIP_QL3_L6_M 1151.049 -455.344 -0.011 1055.671 -456.492 -0.014 1104.904 -580.616 -0.001
CHO_AIP_QL3_L6_N 203.420 -466.861 0.005 108.017 -468.033 0.000 157.227 -592.216 0.001
