CIP_AHO_QL1_V 0.002 0.000 0.000
CIP_AHO_QL1_L 324.587 -1302.219 0.000
CIP_AHO_QL1_B1_M 650.089 -1083.320 -0.001 554.675 -1083.266 0.001 602.368 -1208.040 -0.001 
CIP_AHO_QL1_B2_M 554.588 -431.198 0.000 649.970 -431.089 0.005 602.235 -306.501 0.005 
CIP_AHO_QL1_L1_F 1032.936 -108.512 -0.003 937.496 -106.828 -0.006 983.118 -232.291 0.001 
CIP_AHO_QL1_L1_M 605.152 -101.013 0.004 509.820 -99.374 0.004 555.352 -224.936 0.006 
CIP_AHO_QL1_L1_N 248.163 -94.765 -0.007 152.790 -93.081 0.009 198.302 -218.705 0.008 
CIP_AHO_QL2_V 0.003 0.002 0.000
CIP_AHO_QL2_L 289.758 -1161.651 0.000
CIP_AHO_QL2_B3_F 1349.767 -534.103 -0.022 1254.357 -534.102 -0.033 1302.049 -658.835 -0.003 
CIP_AHO_QL2_B3_N 549.678 -534.079 -0.011 454.328 -534.002 0.002 501.943 -658.747 -0.007 
CIP_AHO_QL2_L2_F 1421.296 -1021.170 -0.007 1325.979 -1018.686 -0.008 1370.404 -1144.638 -0.019 
CIP_AHO_QL2_L2_M 904.983 -1007.674 -0.026 809.618 -1005.011 -0.005 853.976 -1131.241 -0.022 
CIP_AHO_QL2_L2_N 474.273 -996.537 -0.004 378.986 -993.904 -0.023 423.287 -1119.984 0.002 
CIP_AHO_QL2_L3_F 1578.982 -380.040 0.002 1483.729 -378.224 -0.013 1528.862 -503.828 -0.011 
CIP_AHO_QL2_L3_M 905.109 -366.421 -0.014 809.818 -364.551 -0.012 854.980 -490.205 -0.015 
CIP_AHO_QL2_L3_N 309.670 -354.336 0.013 214.294 -352.505 -0.014 259.523 -478.320 -0.009 
CIP_AHO_QL2_L4_F 1659.344 -76.124 0.008 1563.980 -73.917 -0.005 1608.838 -199.788 0.000 
CIP_AHO_QL2_L4_M 907.186 -58.826 -0.001 811.899 -56.844 -0.002 856.682 -182.341 -0.025 
CIP_AHO_QL2_L4_N 231.657 -43.280 -0.005 136.312 -41.034 -0.020 181.030 -166.932 0.011 
CIP_AHO_QL3_V 0.003 0.002 0.000
CIP_AHO_QL3_L 145.103 -1120.732 0.000
CIP_AHO_QL3_B4_F 1506.042 -282.096 0.002 1410.618 -282.128 0.002 1458.347 -406.816 0.000 
CIP_AHO_QL3_B4_N 705.940 -282.073 -0.001 610.561 -282.130 0.001 658.294 -406.799 -0.009 
CIP_AHO_QL3_L5_F 1924.593 -719.938 -0.005 1829.213 -722.272 -0.016 1879.953 -845.760 -0.017 
CIP_AHO_QL3_L5_M 1060.334 -741.106 -0.006 964.985 -743.395 -0.006 1015.695 -866.944 -0.016 
CIP_AHO_QL3_L5_N 295.464 -759.783 0.005 200.102 -762.138 -0.014 250.780 -885.647 0.007 
CIP_AHO_QL3_L6_F 2008.631 -468.038 -0.012 1913.226 -466.871 -0.013 1959.425 -592.226 -0.006 
CIP_AHO_QL3_L6_M 1060.983 -456.482 -0.014 965.601 -455.353 -0.014 1011.742 -580.618 -0.012 
CIP_AHO_QL3_L6_N 196.316 -445.844 -0.005 100.916 -444.760 0.000 147.092 -570.050 -0.002 
