CHO_AIP_SM1_V -0.000357887 0.00373555 0
CHO_AIP_SM1_L 1149.081037 -0.003258902 0
CHO_AIP_SM1_L1_F 943.6434891 956.1002085 0.01084708 848.2623902 958.5776497 0.003221716 899.2287993 1081.958536 0
CHO_AIP_SM1_L1_M 646.9489638 963.8442429 -0.001718812 551.6551831 966.3892107 0.004548736 602.545626 1089.735954 0.003485257
CHO_AIP_SM1_L1_N 295.7305058 973.0955036 0.001234346 200.3459063 975.5530071 0.005535616 251.2733639 1098.703962 0.006321323
CHO_AIP_SM1_L2_F 997.4766335 669.7063138 0.001617842 902.0828911 671.4379276 0.000612451 951.9633423 794.9858143 0.013832295
CHO_AIP_SM1_L2_M 636.9511802 676.2102614 0.008643746 541.607758 678.0299885 0.004320924 591.4982713 801.734614 0.00319982
CHO_AIP_SM1_L2_N 243.7893307 683.3386731 0.000379243 148.3768364 685.0695982 0.000547156 198.2819139 808.3207541 0.004269039
CHO_AIP_SM1_L3_F 1081.155255 223.258481 0.006753617 985.7498566 224.0675981 0.002200738 1034.222919 348.3664196 0.010637677
CHO_AIP_SM1_L3_M 641.4116499 226.1548632 -0.000385211 546.1239382 226.8217217 0.002208048 594.6393287 351.2093867 0.010859115
CHO_AIP_SM1_L3_N 160.7854561 229.3923915 -0.001102693 65.36749287 230.04941 0.001043981 113.8574561 354.3997984 -0.000420257
CHO_AIP_SM1_P1_F 768.6794384 1931.096648 -0.001331919 768.6147711 1999.081134 0.007365026
CHO_AIP_SM1_P1_N 379.816307 1999.042033 -0.005082892 379.4857665 1931.0267 -0.002654527
CHO_AIP_SM1_P2_F 849.3942541 1495.86006 0.020112138 849.5895777 1563.806383 0.014463797
CHO_AIP_SM1_P2_N 298.8011265 1563.816125 0.009761475 299.2804382 1495.753801 0
CHO_AIP_SM1_P3_F 900.033161 1222.888718 0.010243254 900.2327186 1290.940467 0.000464517
CHO_AIP_SM1_P3_N 248.6760151 1290.824979 0.002256227 248.3984627 1222.766479 0.001649449
CHO_AIP_SM1_P5_F 1041.70388 463.2606949 0.004748132 1041.807669 531.27741 -0.000565893
CHO_AIP_SM1_P5_N 107.9922391 531.1390511 0.002086065 108.0446519 463.1087286 0.002642045
CHO_AIP_SM2_V -0.00524787 0.002709144 0
CHO_AIP_SM2_L 1545.120682 0.014611827 0
CHO_AIP_SM2_L4_F 1352.256669 1203.317437 -11.48871916 1256.888168 1203.226913 -11.47487227 1304.655148 1327.967992 -11.48154525
CHO_AIP_SM2_L4_M 839.4664165 1203.311472 -11.48733325 744.0561175 1203.251734 -11.48669038 791.7781986 1328.039609 -11.48419511
CHO_AIP_SM2_L4_N 286.4119787 1203.213861 -11.49590732 191.0632142 1203.213864 -11.49606148 238.7216803 1327.944503 -11.46826717
CHO_AIP_SM2_L5_F 1427.31608 804.9115262 -11.49273004 1331.881577 805.0097538 -11.43078433 1379.642513 929.5854944 -11.48526395
CHO_AIP_SM2_L5_M 840.6204404 804.9785642 -11.49403578 745.2556732 804.9203303 -11.49466591 792.9327904 929.5590417 -11.48728422
CHO_AIP_SM2_L5_N 210.7409978 804.9725748 -11.5076101 115.3670065 804.9416955 -11.5017806 163.0309235 929.6433239 -11.46295785
CHO_AIP_SM2_L6_F 1521.745666 292.0395726 -11.50615017 1426.396438 291.8970834 -11.50002868 1474.128438 416.5591814 -11.49746499
CHO_AIP_SM2_L6_M 837.1026885 291.8503816 -11.49778358 741.7395125 291.8672429 -11.49654711 789.4204286 416.6346317 -11.48706055
CHO_AIP_SM2_L6_N 115.2487778 291.8526492 -11.5008642 19.90128544 291.8816854 -11.48378232 67.60925115 416.5730017 -11.49887102
CHO_AIP_SM2_P6_F 1378.935831 1085.382997 -11.48109991 1378.625168 1153.358029 -11.48669125
CHO_AIP_SM2_P6_N 166.8065409 1153.382867 -11.49739043 166.7103706 1085.380348 -11.47638414
CHO_AIP_SM2_P7_F 1459.677522 650.0901033 -11.48717068 1459.384599 718.1167797 -11.49117272
CHO_AIP_SM2_P7_N 86.02596226 718.0978517 -11.49619507 85.99208834 650.1193078 -11.49090483
CHO_AIP_SM2_P8_F 1570.185249 52.63999351 -11.47132517 1570.135501 120.5696597 -11.5006749
CHO_AIP_SM2_P8_N -24.95950995 120.6053422 -11.86813588 -24.97016387 52.60067543 -11.97100513
