CIP_AHO_LM1_V 0.002989025 0.002549607 0
CIP_AHO_LM1_L 1730.230901 0.025473388 0
CIP_AHO_LM1_L1_F 1428.566956 1081.94409 0.009684147 1333.191511 1083.684115 0.016478484 1383.045374 1207.424261 0.005748602 
CIP_AHO_LM1_L1_M 912.5741098 1091.26357 0.004795354 817.1952952 1092.7033 0.00206324 866.9670378 1216.434527 0.002735833 
CIP_AHO_LM1_L1_N 402.3179503 1099.938812 -0.003403459 306.9190346 1101.52686 -0.002438816 356.7499141 1225.351812 -0.002361537 
CIP_AHO_LM1_L2_F 1517.385949 779.7420118 0.016318888 1421.967404 782.0699439 0.027159656 1472.890077 905.3858233 0.009424872 
CIP_AHO_LM1_L2_M 911.0695253 795.302272 0.005106465 815.6684524 797.8106892 0.019739013 866.5776503 921.0117815 0.023682791 
CIP_AHO_LM1_L2_N 316.1232187 811.007996 0 220.8798078 813.5901777 0.009650085 271.6911198 936.837806 0.000178235 
CIP_AHO_LM1_L3_F 1707.449796 138.4499179 -0.003546834 1612.098372 140.3136824 -0.002776832 1662.285234 263.9977541 -0.004228153 
CIP_AHO_LM1_L3_M 913.5338787 154.3912063 0.006024963 818.1689855 156.3280613 0.018759581 868.3461259 280.0813999 -0.000515966 
CIP_AHO_LM1_L3_N 126.6814746 170.2870187 0.000448514 31.29775993 172.1525992 -0.002131082 81.49655561 295.8464729 -0.00726658 
CIP_AHO_LM1_P1_F 1199.945985 1887.799788 0.016837874 1200.015365 1955.873334 0.004631906 
CIP_AHO_LM1_P1_N 529.9815806 1955.869415 -0.021992661 529.9860542 1887.870291 -0.007008908 
CIP_AHO_LM1_P2_F 1289.714307 1585.203698 -0.00486302 1289.649132 1653.217316 -0.007414056 
CIP_AHO_LM1_P2_N 440.440957 1653.240076 -0.011240226 440.46957 1585.252783 -0.019677094 
CIP_AHO_LM1_P3_F 1379.478934 1282.480267 0.016945537 1379.407237 1350.527846 0.006225551 
CIP_AHO_LM1_P3_N 350.6263606 1350.450093 -0.003537612 350.6701282 1282.423263 0.002689929 
CIP_AHO_LM1_P4_F 1609.800259 505.2580033 -0.000414648 1609.922551 573.2938443 0.019750508 
CIP_AHO_LM1_P4_N 120.5570525 573.2249646 0.010670152 120.7002903 505.2107547 -0.003437981 
CIP_AHO_LM1_P5_F 1652.744981 360.8612779 -0.004137705 1652.663001 428.9142661 0.006255733 
CIP_AHO_LM1_P5_N 77.87365147 428.870806 0.024849935 77.84405927 360.7965942 -0.003227517 
CIP_AHO_LM2_V -0.006 0.009 0.000
CIP_AHO_LM2_L 90.073 1388.813 0.000
CIP_AHO_LM2_L4_F 1889.537 1229.293 0.006 1794.145 1231.500 0.024 1844.707 1355.094 0.002 
CIP_AHO_LM2_L4_M 1069.732 1248.190 0.008 974.292 1250.345 0.008 1024.860 1373.970 0.006 
CIP_AHO_LM2_L4_N 257.857 1266.936 0.007 162.470 1269.122 0.002 212.975 1392.650 -0.001 
CIP_AHO_LM2_L5_F 1989.966 789.263 0.000 1894.616 786.898 0.018 1939.236 912.745 0.001 
CIP_AHO_LM2_L5_M 1072.268 766.790 0.007 976.884 764.482 0.007 1021.498 890.361 0.004 
CIP_AHO_LM2_L5_N 154.534 744.175 0.004 59.144 741.921 0.000 103.787 867.856 -0.002 
CIP_AHO_LM2_L6_F 2004.186 468.685 -0.001 1908.781 469.958 -0.003 1957.964 594.190 0.011 
CIP_AHO_LM2_L6_M 1068.873 480.509 0.004 973.454 481.479 0.003 1022.668 605.587 0.004 
CIP_AHO_LM2_L6_N 138.442 491.625 -0.003 43.020 492.874 0.010 92.221 616.892 0.000 
CIP_AHO_LM2_P6_F 1952.864 1121.453 0.001 1952.778 1189.450 0.005 
CIP_AHO_LM2_P6_N 91.876 1189.324 0.028 91.822 1121.366 0.001 
CIP_AHO_LM2_P8_F 2017.531 199.723 -0.002 2017.541 267.792 0.011 
CIP_AHO_LM2_P8_N 27.434 267.768 -0.002 27.489 199.794 -0.001 
