CHO_AIP_LM1_V -0.005405572 0.012015361 0
CHO_AIP_LM1_L 1730.237789 -0.000452063 0
CHO_AIP_LM1_L1_F 1423.35562 1101.510364 0.019369638 1327.956797 1099.927459 0.024777954 1373.517588 1225.344343 0.018276793
CHO_AIP_LM1_L1_M 913.0842002 1092.687715 0.013868095 817.7103394 1091.257696 0 863.3050101 1216.425679 0.001405283
CHO_AIP_LM1_L1_N 397.082871 1083.678022 -0.001703831 301.7126448 1081.939094 -0.003583568 347.2247679 1207.418168 0.011061495
CHO_AIP_LM1_L2_F 1509.380256 813.5758117 0.021696666 1414.139923 810.9966955 0.015521474 1458.572018 936.8293901 0.015282402
CHO_AIP_LM1_L2_M 914.5945546 797.8002664 0.000627434 819.1871353 795.2962732 0.013842821 863.6887701 921.0049338 0.001576372
CHO_AIP_LM1_L2_N 308.2931624 782.0722513 -0.001773046 212.8755716 779.740763 -0.001733191 257.371367 905.3809564 0.005798532
CHO_AIP_LM1_L3_F 1698.938602 172.1425623 0.006331951 1603.559579 170.2749326 -0.00368998 1648.742055 295.839786 -0.007713232
CHO_AIP_LM1_L3_M 912.076464 156.3163703 0.013112527 816.6998837 154.3896853 0.003696855 861.8976633 280.0683907 0.010164738
CHO_AIP_LM1_L3_N 118.1407138 140.3087533 -0.004837771 22.79206194 138.4497499 -0.005008654 67.95386432 263.9966947 -0.001334471
CHO_AIP_LM1_P1_F 1200.297374 1887.856587 -0.013164 1200.317333 1955.860912 0.001961062
CHO_AIP_LM1_P1_N 530.2619138 1955.872279 0.009048863 530.321115 1887.791184 0.002777753
CHO_AIP_LM1_P2_F 1289.809255 1585.239346 -0.009944161 1289.847572 1653.229572 0.002371584
CHO_AIP_LM1_P2_N 440.6324803 1653.212786 -0.009001641 440.563099 1585.198803 -0.009000602
CHO_AIP_LM1_P3_F 1379.601723 1282.408412 0.0163633 1379.637548 1350.446216 0.026487853
CHO_AIP_LM1_P3_N 350.8655499 1350.523425 0.011162004 350.7862064 1282.480453 0.003011593
CHO_AIP_LM1_P4_F 1609.544054 505.199405 -0.006725611 1609.692775 573.2150554 -0.002816787
CHO_AIP_LM1_P4_N 120.325988 573.2909623 -0.009803917 120.4421632 505.2541336 -0.009086855
CHO_AIP_LM1_P5_F 1652.396124 360.7844514 -0.006989451 1652.370038 428.8604436 0.022518645
CHO_AIP_LM1_P5_N 77.58386449 428.9113396 -0.008093004 77.49357078 360.8572422 -0.010179964
CHO_AIP_LM2_V -0.008 0.008 0.000
CHO_AIP_LM2_L 90.165 1388.815 0.000
CHO_AIP_LM2_L4_F 1882.670 1269.098 0.001 1787.288 1266.917 0.002 1832.162 1392.635 0.007
CHO_AIP_LM2_L4_M 1070.849 1250.342 0.004 975.413 1248.189 0.001 1020.279 1373.981 0.014
CHO_AIP_LM2_L4_N 250.994 1231.529 0.007 155.604 1229.316 0.001 200.435 1355.121 -0.002
CHO_AIP_LM2_L5_F 1985.975 741.906 0.006 1890.578 744.155 0.010 1941.331 867.842 -0.003
CHO_AIP_LM2_L5_M 1068.233 764.481 0.008 972.845 766.784 0.005 1023.622 890.367 0.004
CHO_AIP_LM2_L5_N 150.503 786.915 0.001 55.154 789.280 0.004 105.889 912.763 -0.001
CHO_AIP_LM2_L6_F 2002.081 492.856 0.000 1906.661 491.605 0.002 1952.886 616.873 0.013
CHO_AIP_LM2_L6_M 1071.642 481.470 0.019 976.234 480.497 0.006 1022.437 605.591 0.007
CHO_AIP_LM2_L6_N 136.323 469.974 0.001 40.918 468.702 -0.002 87.140 594.205 0.000
CHO_AIP_LM2_P6_F 1953.313 1121.346 0.010 1953.251 1189.309 -0.002
CHO_AIP_LM2_P6_N 92.356 1189.468 -0.003 92.274 1121.478 0.000
CHO_AIP_LM2_P8_F 2017.603 199.774 0.001 2017.659 267.745 0.022
CHO_AIP_LM2_P8_N 27.553 267.807 0.005 27.561 199.743 0.017
