CIP_AHO_QS1_V 0.010 0.002 0.000
CIP_AHO_QS1_L 193.731 1295.943 0.000
CIP_AHO_QS1_L1_F 525.569 200.298 0.006 620.996 197.849 0.003 569.947 74.525 0.024 
CIP_AHO_QS1_L1_M 331.322 205.338 0.002 426.564 202.758 -0.007 375.637 79.922 -0.002 
CIP_AHO_QS1_L1_N 126.239 210.962 -0.009 221.613 208.347 0.004 170.688 85.036 -0.006 
CIP_AHO_QS2_V 0.003 -0.002 0.000
CIP_AHO_QS2_L 173.051 1158.619 0.000
CIP_AHO_QS2_L2_F 743.902 1110.998 0.000 839.340 1109.152 0.001 789.327 985.387 0.003 
CIP_AHO_QS2_L2_M 503.344 1115.108 0.005 598.724 1113.686 0.005 548.834 989.731 0.011 
CIP_AHO_QS2_L2_N 261.316 1119.704 -0.002 356.697 1117.628 0.004 306.862 994.425 0.015 
CIP_AHO_QS2_L3_F 810.793 662.029 0.002 906.213 661.375 0.006 857.669 536.939 0.001 
CIP_AHO_QS2_L3_M 502.253 664.089 -0.001 597.673 663.417 0.012 549.180 539.204 0.003 
CIP_AHO_QS2_L3_N 193.370 666.068 0.001 288.743 664.830 -0.002 240.331 541.017 0.017 
CIP_AHO_QS2_L4_F 869.134 265.614 -0.007 964.509 265.370 0.001 916.897 140.883 -0.005 
CIP_AHO_QS2_L4_M 501.296 265.561 -0.004 596.701 265.480 -0.002 549.021 140.828 -0.003 
CIP_AHO_QS2_L4_N 133.371 265.612 0.010 228.778 265.600 -0.003 180.985 140.963 0.002 
CIP_AHO_QS3_V 0.007 -0.002 0.000
CIP_AHO_QS3_L 145.561 972.914 0.000
CIP_AHO_QS3_L5_F 1081.694 885.476 -0.016 1177.088 885.303 0.009 1129.442 760.823 -0.010 
CIP_AHO_QS3_L5_M 654.598 885.558 0.012 749.993 885.549 0.009 702.248 760.914 0.020 
CIP_AHO_QS3_L5_N 226.642 885.573 0.009 322.089 885.221 0.002 274.302 760.900 0.029 
CIP_AHO_QS3_L6_F 1158.188 372.366 0.013 1253.589 372.395 0.021 1205.871 247.649 0.009 
CIP_AHO_QS3_L6_M 654.185 372.532 0.017 749.618 372.312 0.012 701.819 247.778 0.015 
CIP_AHO_QS3_L6_N 149.926 372.566 0.010 245.319 372.394 0.004 197.497 247.843 0.014 
