CIP_AHO_SM1_V -0.001287393 0.003482894 0
CIP_AHO_SM1_V 1149.088332 0.000237696 0
CIP_AHO_SM1_L1_F 948.7044594 975.5527146 -0.002345953 853.3176113 973.0973077 -0.00381974 897.7682906 1098.707693 0 
CIP_AHO_SM1_L1_M 597.3922904 966.395424 -0.005181248 502.0998698 963.8497701 0.013811681 546.5003519 1089.74136 0.001731786 
CIP_AHO_SM1_L1_N 300.7862422 958.5854874 0.006628231 205.4035504 956.1094015 0.008773314 249.816432 1081.965042 0.002206674 
CIP_AHO_SM1_L2_F 1000.680427 685.0733207 -0.003602103 905.2664625 683.3410667 -0.002811252 950.7712246 808.3230241 0.005120371 
CIP_AHO_SM1_L2_M 607.4501699 678.0357854 -0.005438605 512.1050959 676.2160574 0.000171195 557.5579661 801.7375205 0.011985411 
CIP_AHO_SM1_L2_N 246.973028 671.4428657 0.006191384 151.582267 669.7143367 0.002778115 197.0894549 794.9887118 0.005908186 
CIP_AHO_SM1_L3_F 1083.713814 230.0581124 -0.011459988 988.2946507 229.3947701 -0.006636632 1035.218375 354.4027043 -0.009014739 
CIP_AHO_SM1_L3_M 602.9551957 226.8257964 -0.005284583 507.6705502 226.1594148 -0.0007471 554.4365782 351.2124266 -0.003090692 
CIP_AHO_SM1_L3_N 163.326525 224.0754022 -0.005204691 67.92840431 223.254293 0.019527162 114.8508751 348.371493 0.001454754 
CIP_AHO_SM1_P1_F 769.5228335 1931.032828 -0.008106933 769.1878763 1999.044228 0.005174314 
CIP_AHO_SM1_P1_N 380.3827914 1999.086538 -0.005952861 380.3264697 1931.101193 -0.009912927 
CIP_AHO_SM1_P2_F 849.7461072 1495.756718 -0.004423413 850.2136296 1563.818182 -0.000169186 
CIP_AHO_SM1_P2_N 299.4280987 1563.811418 0.003282155 299.630222 1495.86735 -0.001806397 
CIP_AHO_SM1_P3_F 900.6407204 1222.770819 -0.005441578 900.3580167 1290.830824 -0.004116576 
CIP_AHO_SM1_P3_N 248.8052016 1290.942428 -0.002602635 249.0020772 1222.893197 0.011045317 
CIP_AHO_SM1_P5_F 1041.018272 463.112711 -0.003000993 1041.069522 531.1433144 -0.010792636 
CIP_AHO_SM1_P5_N 107.2610348 531.2798933 0 107.3595966 463.2656619 0.003933962 
CIP_AHO_SM2_V 0.012035429 -0.00818931 0
CIP_AHO_SM2_L 1545.093996 -0.005901378 0
CIP_AHO_SM2_L4_F 1354.050957 1203.237878 -11.49907141 1258.703117 1203.229537 -11.48809233 1306.393061 1327.981553 -11.48673963 
CIP_AHO_SM2_L4_M 801.0651632 1203.272802 -11.48670135 705.6573956 1203.329193 -11.49098278 753.338458 1328.0649 -11.48927855 
CIP_AHO_SM2_L4_N 288.2258029 1203.240652 -11.50491001 192.8628595 1203.335474 -11.49885258 240.4601039 1327.988458 -11.49555652 
CIP_AHO_SM2_L5_F 1429.742465 804.9626247 -11.49499303 1334.368947 804.9929818 -11.47647151 1382.085307 929.681691 -11.48781569 
CIP_AHO_SM2_L5_M 799.8563566 804.9249908 -11.49753329 704.4960087 804.9952946 -11.49651973 752.1852277 929.5804748 -11.48484867 
CIP_AHO_SM2_L5_N 213.2096849 805.0166279 -11.500753 117.7945301 804.9212654 -11.50087281 165.4733087 929.604241 -11.48285592 
CIP_AHO_SM2_L6_F 1525.209677 291.9075254 -11.50568285 1429.859697 291.8741716 -11.50254938 1477.5056 416.6101071 -11.49233609 
CIP_AHO_SM2_L6_M 803.3680229 291.8916025 -11.49994798 708.0026762 291.8736494 -11.50229685 755.6944579 416.6579559 -11.49159357 
CIP_AHO_SM2_L6_N 118.7046095 291.9120069 -11.50160876 23.35535931 292.0571373 -11.49178129 70.98380132 416.5725895 -11.50211673 
CIP_AHO_SM2_P6_F 1378.404461 1085.400326 -11.48934672 1378.304264 1153.409365 -11.49199687 
CIP_AHO_SM2_P6_N 166.4972337 1153.376934 -11.49727127 166.1982343 1085.399574 -11.49193649 
CIP_AHO_SM2_P7_F 1459.114966 650.1447537 -11.4940833 1459.079572 718.1237926 -11.50124656 
CIP_AHO_SM2_P7_N 85.72537059 718.1334062 -11.49752483 85.43094986 650.1042332 -11.49711382 
CIP_AHO_SM2_P8_F 1570.076901 52.63054693 -11.5040035 1570.062619 120.6329644 -11.50501111 
CIP_AHO_SM2_P8_N -25.02963311 120.5744734 -11.49998226 -25.0730788 52.65965782 -11.50191056 
