CHO_AIP_QS1_V 0.006 -0.002 0.000
CHO_AIP_QS1_L 193.334 1295.826 0.000
CHO_AIP_QS1_L1_F 522.071 208.345 0.015 617.446 210.962 0.000 573.000 85.041 -0.006
CHO_AIP_QS1_L1_M 317.119 202.749 -0.006 412.363 205.330 0.017 368.049 79.922 -0.002
CHO_AIP_QS1_L1_N 122.685 197.837 -0.008 218.117 200.288 0.004 173.738 74.518 0.007
CHO_AIP_QS2_V 0.005 -0.002 0.000
CHO_AIP_QS2_L 173.099 1158.688 0.000
CHO_AIP_QS2_L2_F 744.683 1117.633 0.004 840.067 1119.710 0.006 794.526 994.429 0.002
CHO_AIP_QS2_L2_M 502.652 1113.690 0.005 598.034 1115.111 0.008 552.550 989.734 0.010
CHO_AIP_QS2_L2_N 262.041 1109.156 0.012 357.480 1111.002 0.018 312.062 985.386 0.013
CHO_AIP_QS2_L3_F 812.628 664.838 0.005 907.993 666.069 0.006 861.037 541.026 0.003
CHO_AIP_QS2_L3_M 503.690 663.418 -0.002 599.110 664.088 0.018 552.190 539.207 0.003
CHO_AIP_QS2_L3_N 195.159 661.372 0.000 290.587 662.027 0.014 243.701 536.943 0.002
CHO_AIP_QS2_L4_F 872.579 265.603 -0.007 967.986 265.610 0.012 920.373 140.971 -0.005
CHO_AIP_QS2_L4_M 504.660 265.480 -0.006 600.061 265.562 -0.007 552.339 140.832 -0.005
CHO_AIP_QS2_L4_N 136.850 265.371 -0.004 232.228 265.613 -0.006 184.461 140.884 -0.014
CHO_AIP_QS3_V 0.033 0.010 0.000
CHO_AIP_QS3_L 145.246 972.756 0.000
CHO_AIP_QS3_L5_F 1084.319 885.229 0.011 1179.769 885.577 0.012 1132.099 760.906 0.022
CHO_AIP_QS3_L5_M 656.415 885.564 0.026 751.811 885.572 0.007 704.157 760.925 0.023
CHO_AIP_QS3_L5_N 229.321 885.318 -0.001 324.718 885.490 0.006 276.964 760.838 0.018
CHO_AIP_QS3_L6_F 1161.066 372.398 -0.001 1256.468 372.572 0.002 1208.887 247.849 0.009
CHO_AIP_QS3_L6_M 656.768 372.320 0.019 752.205 372.539 0.001 704.568 247.787 0.000
CHO_AIP_QS3_L6_N 152.797 372.406 0.000 248.201 372.378 -0.001 200.525 247.655 -0.003
